0 0.355312 0.362218 0.050625 0.048527
0 0.491875 0.374783 0.046250 0.045927
0 0.701562 0.370884 0.036875 0.046794
0 0.640938 0.416378 0.036875 0.032062
0 0.599375 0.429376 0.037500 0.035529
0 0.561562 0.461438 0.030625 0.028596
0 0.299687 0.432409 0.036875 0.039861
0 0.388437 0.430243 0.026875 0.028596
1 0.350938 0.514731 0.088125 0.187175
1 0.485938 0.525997 0.121875 0.190641
1 0.697812 0.511265 0.071875 0.171577
1 0.630000 0.535529 0.047500 0.159445
1 0.581875 0.547660 0.022500 0.131716
1 0.290312 0.559359 0.043125 0.137782
