0 0.284091 0.088829 0.071818 0.083445
0 0.690000 0.097577 0.047273 0.052490
0 0.818636 0.057201 0.088182 0.076716
0 0.213182 0.351279 0.031818 0.043069
0 0.033182 0.189098 0.024545 0.030956
0 0.498636 0.134590 0.015455 0.032301
0 0.147727 0.266487 0.013636 0.032301
0 0.523636 0.146030 0.010909 0.014805
0 0.603636 0.156124 0.016364 0.018843
1 0.288182 0.277254 0.118182 0.199192
1 0.164545 0.397712 0.081818 0.100942
1 0.686364 0.239569 0.085455 0.164199
1 0.854091 0.307537 0.139091 0.270525
1 0.494545 0.204576 0.045455 0.075370
1 0.036818 0.230148 0.028182 0.045760
