0 0.283500 0.278723 0.033000 0.041135
0 0.067500 0.210638 0.039000 0.026950
0 0.081000 0.358156 0.020000 0.029787
0 0.453000 0.308511 0.030000 0.021277
0 0.641000 0.498582 0.030000 0.043972
0 0.420000 0.473050 0.042000 0.035461
0 0.734500 0.471631 0.041000 0.032624
0 0.794000 0.482270 0.036000 0.022695
0 0.863500 0.502128 0.025000 0.042553
0 0.888500 0.474468 0.031000 0.038298
1 0.070000 0.282979 0.034000 0.063830
1 0.041000 0.389362 0.038000 0.055319
1 0.278500 0.334043 0.051000 0.055319
1 0.467000 0.370213 0.048000 0.068085
1 0.428500 0.562411 0.049000 0.097872
1 0.647500 0.578723 0.051000 0.079433
1 0.784500 0.571631 0.043000 0.099291
1 0.854000 0.599291 0.042000 0.120567
